2
92
2 1496656
3 7333156
5 1711
7 1
13 8
19 5777
23 2
29 11703
31 12947
41 77950
43 1613
47 21
53 1182239
59 230442
61 60401762
67 1470737
71 278301
73 4501908
79 110345913
83 1472657
89 209629
97 40453288
101 117
103 1175451
107 20620871
109 271298
113 584
127 640686
131 625355
137 753407
139 94962668
149 55967944
151 327
157 30774715
163 63379
167 1631180312
173 1400
179 1
181 523923951
191 40857569
193 3466036724
197 2296999653
199 2852
211 6005971
223 188697
227 16145
229 568
233 235627227
239 2793103436
241 2430
251 1585349
257 4662582
263 169985975
269 6274338849
271 152509831
277 9596515123
281 1486221663
283 5468484257
293 509508451467
307 168145921
311 179855
313 129512
317 352754678273
331 104625
337 94728765434
347 3264055368102
349 1113633
353 289974703552
359 5489216
367 1016778565
373 4313352888419
379 369107842
383 893054039931
389 1046775530168
397 46410463
401 1095153797
409 52759472
419 2020626
421 10299623
431 14929515330
433 213098163483
439 47190229142
443 1481615
449 13339424737
457 3536303719
461 22291221057
463 1426564744959
467 1893936894446
479 460440390166
487 342983000303
491 23778906554862
499 692
94
2 1872209052865
3 10662503
5 90514230103
7 640540035
11 140588775766
13 62764102061
17 34132706
19 6694084
23 3781903630
29 2825791
31 37404716480
37 73480245797
41 720698028035
43 118935597557
47 51708799992
53 6373899
59 1
61 745852429537
67 10187631205
71 7604538
73 7400506501
79 4781161439862
83 38924133
89 5945851577
97 469391717
101 805014905630
103 140792977
107 1052317149
109 19600999384
113 82529471892
127 7787360488013
131 95448880
137 51688213354
139 306345
149 1275518401590
151 10548111
157 2600798631
163 137064472564
167 456635331225
173 1128036
179 3627642289447
181 2801533
191 4037005252360
193 4498517443
197 6506501742
199 1062148604400
211 9564307932657
223 1285296645520
227 6211034574
229 2384782331589
233 24590229541178
239 182761707158
241 267373228185
251 3523682543947
257 1905106579525
269 1914760506256
271 285834228617
277 3856612199
281 12621710336153
283 8529681084
293 44102550071148
307 22874356690
311 3005166018573
313 7212719390
317 3864018898831
331 20253233284
337 236076
347 97373861580855
349 747060
353 2103953
359 324651062724
367 11922890955876
373 715823923
379 6299615915092
383 652743991
389 2134852671
397 51584133570362
401 37203818878716
409 157257766328
419 53067769112009
421 70760490600
431 3927483072
433 11148513705070
439 10781593917
443 23057806067743
449 2668605994424
457 115462112851251
461 71114004192072
463 2180230004803
467 81352763300392
479 413240843861
487 549973
491 2314719335735
499 26958173284882